 10641
 31175
  6877
 16688
  7615
 16320
 52212
 22848
  4010
 44810
 41416
 50361
  8283
 34633
 43384
 30285
 63765
 17548
 14116
 60183
 33314
 23179
 45270
 54114
 27060
 25454
 25853
 36491
 57760
 37576
  7324
 46944
  2975
 53509
 37531
 20730
  1606
 33026
 24481
  6490
 16237
 56665
 57931
 53379
 48747
 35173
  5861
 33879
 31557
  7625
 33857
 64931
 31524
 31115
 35644
 18374
 58678
  7966
 48904
 39158
  7526
  7578
 37223
 38543
 24137
 21700
 43457
 45778
  6686
 10536
 53662
 48044
 32671
 15629
 31556
 37774
 34361
 19367
  2581
  4080
 12854
  3071
 52961
 11101
  6193
 62608
 48431
  5163
  7541
 38600
 60073
 54365
  9213
 41465
 50652
 38765
 18169
 58943
 19826
 38844
